Max Payoff: 4802
16 19 8
23 25 6
32 44 8
54 58 5
59 60 7
66 69 5
74 93 7
102 104 5
105 107 1
111 117 6
121 136 7
146 149 9
150 162 7
172 185 8
195 206 6
216 226 7
240 241 8
259 284 9
286 293 7
303 314 7
315 316 4
320 333 4
341 347 9
347 351 5
356 361 8
362 367 5
371 386 5
387 390 1
390 395 6
401 419 9
420 441 6
441 455 8
459 478 9
486 505 7
510 520 9
523 529 9
529 535 7
538 565 8
567 569 1
570 579 9
579 585 3
585 596 7
606 615 6
620 621 2
623 626 7
634 653 8
653 666 8
677 685 7
690 700 8
703 711 7
715 720 8
720 731 8
733 735 2
742 744 8
746 748 9
749 758 6
764 767 5
771 781 4
784 791 9
796 808 4
809 814 5
819 822 5
834 836 9
839 845 8
845 847 1
853 863 6
863 869 9
870 894 8
897 898 8
907 922 7
929 935 8
940 950 7
966 975 6
978 989 9
992 994 7
1009 1015 8
1019 1031 8
1038 1039 8
1042 1053 9
1053 1058 9
1071 1078 6
1085 1096 9
1125 1135 8
1142 1153 6
1157 1174 9
1191 1197 7
1197 1202 5
1206 1216 5
1221 1243 9
1253 1262 9
1262 1280 7
1282 1288 8
1296 1302 6
1307 1317 9
1317 1329 3
1330 1338 6
1349 1352 5
1352 1361 7
1365 1366 4
1368 1383 9
1389 1399 9
1403 1408 9
1417 1423 6
1430 1438 7
1452 1462 9
1467 1480 8
1485 1486 5
1494 1513 4
1514 1519 7
1523 1526 3
1526 1549 9
1554 1559 7
1561 1568 9
1570 1582 6
1585 1590 9
1592 1595 1
1606 1608 6
1613 1618 7
1626 1632 7
1633 1635 9
1648 1661 8
1664 1669 1
1678 1684 6
1708 1710 3
1710 1716 3
1720 1729 9
1735 1747 9
1751 1753 7
1776 1784 8
1786 1793 7
1798 1806 9
1811 1812 5
1812 1824 1
1825 1838 9
1846 1865 8
1872 1879 5
1887 1895 9
1897 1915 5
1916 1920 6
1921 1924 5
1940 1965 7
1965 1983 9
1998 1999 8
2008 2011 8
2022 2023 1
2024 2028 9
2035 2040 9
2040 2055 1
2057 2077 5
2078 2091 8
2093 2094 8
2100 2106 9
2112 2114 5
2124 2126 2
2139 2144 8
2151 2172 7
2172 2174 6
2185 2186 6
2190 2198 7
2201 2222 5
2223 2248 7
2251 2273 9
2274 2277 8
2278 2281 7
2297 2315 8
2316 2317 4
2317 2324 2
2330 2341 9
2344 2385 9
2386 2394 2
2398 2406 1
2406 2409 9
2419 2430 9
2432 2448 7
2454 2460 9
2463 2481 8
2484 2494 9
2498 2502 1
2506 2519 8
2524 2546 7
2550 2564 9
2567 2571 9
2573 2588 8
2594 2596 4
2598 2610 1
2613 2615 8
2615 2616 5
2627 2631 1
2639 2641 1
2647 2651 7
2655 2679 9
2684 2697 9
2699 2710 8
2710 2716 5
2717 2726 9
2736 2745 7
2757 2766 7
2766 2775 8
2778 2785 7
2788 2811 8
2820 2821 9
2821 2829 8
2833 2848 8
2851 2858 5
2869 2870 9
2870 2881 8
2892 2898 1
2901 2904 6
2910 2921 9
2930 2940 9
2942 2969 5
2975 2996 9
2997 3006 9
3013 3018 3
3027 3029 8
3030 3033 2
3042 3044 8
3046 3056 4
3058 3060 7
3069 3070 6
3087 3098 8
3098 3115 8
3116 3126 7
3127 3128 4
3144 3147 2
3158 3173 7
3180 3181 6
3186 3188 5
3191 3203 5
3204 3218 4
3221 3227 7
3229 3242 9
3248 3249 4
3259 3268 7
3269 3272 2
3272 3274 8
3274 3284 3
3289 3312 8
3318 3324 5
3327 3333 3
3341 3342 3
3347 3355 4
3356 3361 5
3365 3379 7
3383 3387 8
3387 3388 2
3391 3399 7
3407 3412 9
3412 3413 3
3420 3423 8
3430 3437 8
3439 3446 4
3447 3463 6
3464 3491 6
3492 3499 7
3509 3523 7
3534 3535 8
3545 3551 6
3574 3575 6
3578 3585 2
3593 3599 8
3609 3612 8
3625 3635 9
3640 3646 5
3651 3657 7
3657 3658 1
3659 3674 8
3677 3683 6
3700 3710 6
3711 3740 8
3745 3754 5
3764 3783 5
3784 3789 9
3789 3798 7
3802 3821 6
3822 3829 8
3841 3853 7
3857 3867 4
3867 3877 5
3887 3890 5
3890 3908 9
3920 3923 8
3925 3930 7
3931 3946 9
3946 3950 9
3958 3971 5
3971 3976 8
3988 3992 9
4002 4008 9
4015 4026 8
4035 4051 9
4056 4061 5
4062 4064 5
4072 4080 8
4081 4082 9
4082 4087 4
4087 4094 6
4100 4109 8
4120 4128 8
4131 4138 7
4152 4166 7
4166 4177 8
4183 4191 8
4199 4207 2
4213 4218 7
4219 4228 7
4237 4251 9
4256 4261 7
4275 4288 9
4301 4321 6
4321 4325 5
4342 4349 3
4349 4350 5
4362 4376 8
4385 4386 9
4387 4392 9
4393 4402 8
4407 4408 9
4418 4426 3
4430 4431 9
4436 4455 8
4463 4482 5
4483 4484 9
4488 4505 9
4505 4518 5
4522 4526 3
4532 4540 8
4553 4558 6
4564 4566 1
4567 4568 3
4570 4572 9
4574 4589 2
4596 4617 9
4617 4620 6
4642 4643 1
4645 4653 8
4654 4669 4
4674 4680 9
4682 4696 7
4702 4721 7
4725 4730 9
4750 4759 6
4765 4766 3
4766 4774 9
4775 4776 5
4778 4804 9
4814 4816 4
4818 4819 9
4823 4827 5
4827 4846 5
4850 4867 8
4871 4875 7
4876 4882 9
4889 4901 7
4901 4905 4
4909 4917 7
4920 4922 9
4924 4928 1
4930 4934 9
4938 4943 2
4943 4947 8
4954 4965 5
4968 4974 9
4975 4978 3
4978 4984 9
4989 4990 4
4996 4999 6
5003 5004 1
5005 5014 8
5020 5022 3
5027 5028 8
5034 5035 7
5043 5058 5
5058 5090 9
5093 5097 7
5098 5099 4
5100 5103 1
5105 5116 9
5119 5123 4
5124 5126 8
5127 5135 5
5140 5152 9
5154 5161 9
5164 5172 7
5179 5183 9
5185 5187 7
5197 5204 7
5209 5217 7
5217 5224 5
5225 5243 9
5272 5281 4
5281 5285 9
5290 5310 9
5319 5320 6
5336 5358 7
5362 5376 7
5379 5399 6
5399 5401 8
5414 5437 7
5444 5445 8
5449 5453 2
5465 5470 7
5480 5501 9
5502 5521 8
5524 5533 9
5541 5547 6
5547 5549 5
5562 5568 5
5568 5576 6
5579 5581 8
5586 5592 9
5592 5596 8
5604 5613 7
5614 5622 8
5624 5628 8
5643 5654 5
5661 5667 5
5675 5699 8
5702 5715 7
5715 5732 7
5736 5752 9
5754 5770 7
5771 5775 9
5782 5794 8
5798 5800 6
5805 5817 8
5823 5840 8
5846 5854 5
5859 5880 8
5885 5892 3
5894 5905 6
5916 5924 8
5928 5929 5
5935 5939 7
5942 5955 4
5956 5968 5
5973 5983 5
5986 5996 6
6001 6005 9
6011 6016 9
6020 6030 7
6031 6059 4
6063 6065 3
6066 6067 2
6075 6098 8
6104 6108 6
6108 6123 7
6137 6141 3
6148 6159 9
6166 6169 5
6176 6186 7
6189 6215 8
6219 6224 4
6224 6254 7
6261 6267 8
6267 6279 9
6281 6283 7
6284 6291 6
6300 6306 8
6320 6328 3
6331 6347 8
6348 6351 6
6352 6371 9
6381 6394 9
6401 6406 3
6408 6415 4
6417 6424 1
6429 6439 9
6440 6449 7
6452 6454 1
6457 6466 8
6472 6473 6
6485 6496 6
6497 6507 7
6511 6517 6
6521 6523 8
6530 6532 7
6539 6559 8
6568 6572 3
6573 6579 3
6599 6603 7
6603 6613 8
6613 6614 9
6616 6619 7
6628 6630 8
6630 6655 9
6660 6665 3
6670 6672 1
6673 6676 9
6678 6690 1
6690 6695 9
6704 6720 6
6720 6730 4
6731 6735 6
6735 6745 2
6747 6762 9
6765 6771 2
6774 6783 5
6786 6813 8
6816 6821 2
6838 6856 9
6865 6868 7
6868 6888 7
6898 6900 6
6903 6905 5
6910 6925 7
6925 6932 9
6934 6955 7
6959 6960 4
6976 6981 9
6986 6990 8
6992 6994 9
6998 7000 3
7003 7008 7
7009 7040 9
7042 7048 3
7049 7070 7
7077 7086 8
7087 7110 7
7111 7131 9
7133 7138 2
7140 7160 9
7160 7164 2
7173 7184 6
7185 7186 3
7194 7200 9
7204 7210 8
7215 7221 3
7225 7234 6
7235 7245 7
7246 7260 4
7264 7271 3
7280 7283 2
7288 7314 7
7315 7317 7
7319 7321 4
7326 7333 6
7333 7335 8
7335 7357 6
7357 7360 6
7360 7367 7
7385 7402 9
7410 7426 7
7426 7433 7
7445 7450 8
7455 7468 3
7468 7474 8
7475 7477 6
7495 7510 9
7511 7522 9
7523 7525 8
7525 7535 7
7540 7542 8
7545 7559 9
7560 7585 9
7592 7595 2
7596 7600 5
7602 7607 1
7608 7612 6
7626 7632 9
7633 7641 4
7641 7647 3
7657 7660 8
7678 7683 6
7689 7703 5
7706 7709 2
7709 7712 3
7714 7716 6
7723 7734 8
7741 7745 7
7745 7749 9
7762 7767 9
7769 7773 2
7775 7791 7
7794 7805 5
7806 7814 4
7819 7823 9
7843 7860 8
7862 7864 2
7866 7869 7
7883 7884 7
7890 7891 1
7905 7906 8
7917 7923 9
7923 7931 2
7935 7940 7
7941 7951 9
7954 7958 8
7963 7967 9
7975 7984 8
7984 7987 7
7996 8004 8
8008 8021 7
8021 8031 3
8033 8044 3
8051 8052 9
8060 8065 8
8066 8072 2
8072 8095 9
8096 8113 8
8116 8118 5
8120 8128 9
8135 8148 5
8148 8156 7
8156 8161 6
8172 8174 9
8180 8197 5
8199 8201 9
8207 8209 9
8209 8221 1
8221 8231 9
8238 8242 8
8242 8270 6
8270 8274 7
8276 8280 3
8283 8293 5
8295 8298 3
8299 8304 4
8316 8319 3
8325 8339 6
8355 8358 8
8363 8372 4
8375 8386 9
8389 8390 4
8390 8399 5
8409 8411 7
8416 8428 1
8429 8430 8
8431 8437 7
8442 8451 5
8451 8452 9
8453 8472 6
8472 8474 3
8486 8488 2
8495 8502 4
8503 8514 9
8519 8523 7
8528 8529 8
8532 8534 1
8534 8535 5
8552 8553 8
8557 8565 3
8569 8571 9
8578 8580 8
8582 8591 1
8591 8596 7
8600 8618 9
8638 8642 5
8647 8659 6
8660 8682 2
8684 8695 6
8700 8711 4
8714 8725 9
8728 8732 6
8734 8735 8
8736 8749 6
8752 8757 8
8759 8768 6
8770 8772 1
8775 8778 9
8787 8793 8
8801 8802 9
8817 8818 8
8819 8836 6
8837 8848 7
8854 8857 7
8858 8866 2
8869 8883 9
8890 8897 5
8909 8911 9
8914 8933 7
8935 8942 9
8952 8957 9
8966 8981 8
8985 8997 3
8997 9001 6
9004 9008 5
9009 9025 5
9025 9028 6
9028 9039 6
9040 9043 5
9043 9048 6
9051 9081 8
9088 9090 1
9097 9115 8
9123 9125 9
9127 9138 8
9138 9145 2
9151 9172 9
9173 9189 9
9206 9207 3
9207 9215 6
9215 9229 5
9238 9243 4
9244 9247 8
9254 9277 8
9284 9291 7
9292 9293 4
9299 9304 7
9307 9319 5
9325 9332 7
9347 9348 9
9363 9368 5
9378 9385 4
9392 9403 5
9415 9426 6
9428 9433 9
9437 9444 8
9447 9464 8
9468 9484 6
9484 9495 8
9505 9519 6
9521 9524 8
9528 9529 7
9531 9536 7
9545 9548 9
9550 9551 2
9551 9566 2
9568 9582 6
9582 9605 8
9613 9621 7
9623 9624 2
9626 9634 6
9634 9654 8
9655 9663 8
9663 9674 2
9675 9679 9
9691 9713 9
9716 9723 8
9739 9741 9
9753 9759 8
9761 9773 9
9783 9798 8
9802 9811 7
9819 9821 9
9831 9839 8
9843 9865 8
9867 9873 9
9873 9879 5
9890 9898 5
9903 9925 8
9925 9929 9
9934 9936 6
9946 9950 3
9951 9956 7
9961 9978 1
9978 9982 6
9993 9994 7
9995 10022 9
